{
  "advancedEditorSelectedIdentifier" : "ProjectBrowser",
  "openSceneRelativePaths" : [
    "Immersive.usda",
    "Metronome.usda"
  ],
  "recentIdentifiers" : {
    "852CA42A-56ED-4FC7-832E-2BE9A061923B" : [

    ]
  },
  "sceneCameraHistory" : {
    "1D572CEB-057A-41C3-B575-04C37501A3C0" : [
      {
        "date" : 731017968.83881,
        "title" : "Untitled",
        "transform" : [
          1,
          0,
          -0,
          0,
          -0,
          0.86602587,
          -0.4999992,
          0,
          0,
          0.4999992,
          0.86602587,
          0,
          0,
          3.599282,
          4.116801,
          1
        ]
      }
    ],
    "378E1118-212A-40FA-A237-E95190A8962D" : [
      {
        "date" : 731018520.670107,
        "title" : "Untitled",
        "transform" : [
          0.99999994,
          0,
          0,
          0,
          0,
          0.8660254,
          -0.49999994,
          0,
          0,
          0.49999994,
          0.8660254,
          0,
          0,
          0.32431617,
          0.56173205,
          1
        ]
      },
      {
        "date" : 731018513.82678,
        "title" : "Untitled",
        "transform" : [
          0.99999994,
          0,
          0,
          0,
          0,
          0.8660254,
          -0.49999994,
          0,
          0,
          0.49999994,
          0.8660254,
          0,
          0,
          2.6382117,
          4.5695157,
          1
        ]
      },
      {
        "date" : 731018477.157067,
        "title" : "Untitled",
        "transform" : [
          0.99999994,
          0,
          -0,
          0,
          -0,
          0.8660254,
          -0.49999994,
          0,
          0,
          0.49999994,
          0.8660254,
          0,
          0,
          0.13734122,
          0.23788197,
          1
        ]
      }
    ],
    "802EB9CE-E76A-461A-8130-3130BECDFE0C" : [
      {
        "date" : 731125433.132887,
        "title" : "Untitled",
        "transform" : [
          0.99898165,
          -3.4527534e-07,
          0.045119043,
          0,
          0.017460722,
          0.9220859,
          -0.38659117,
          0,
          -0.041603494,
          0.38698524,
          0.9211468,
          0,
          -0.04299659,
          0.2640913,
          0.56914437,
          1
        ]
      },
      {
        "date" : 731125415.935235,
        "title" : "Untitled",
        "transform" : [
          0.99936324,
          -4.8390866e-06,
          0.03567901,
          0,
          0.014077261,
          0.91892666,
          -0.39417717,
          0,
          -0.032784484,
          0.39442843,
          0.9183416,
          0,
          -0.038936943,
          0.26766604,
          0.5677645,
          1
        ]
      },
      {
        "date" : 731125414.000308,
        "title" : "Untitled",
        "transform" : [
          0.9999833,
          1.4080934e-10,
          0.0057713143,
          0,
          0.0023819662,
          0.91085565,
          -0.4127182,
          0,
          -0.0052568344,
          0.41272506,
          0.91084045,
          0,
          -0.021911588,
          0.2789828,
          0.56321067,
          1
        ]
      },
      {
        "date" : 731125375.535197,
        "title" : "Untitled",
        "transform" : [
          0.9999833,
          1.4080934e-10,
          0.0057713143,
          0,
          0.0023819662,
          0.91085565,
          -0.4127182,
          0,
          -0.0052568344,
          0.41272506,
          0.91084045,
          0,
          -0.021911588,
          0.2789828,
          0.56321067,
          1
        ]
      },
      {
        "date" : 731125361.706777,
        "title" : "Untitled",
        "transform" : [
          1,
          0,
          0,
          0,
          0,
          0.7071069,
          -0.70710677,
          0,
          0,
          0.70710677,
          0.7071069,
          0,
          -0.018924266,
          0.45936257,
          0.42912194,
          1
        ]
      },
      {
        "date" : 731125359.074817,
        "title" : "Untitled",
        "transform" : [
          1,
          0,
          0,
          0,
          0,
          0.7071069,
          -0.70710677,
          0,
          0,
          0.70710677,
          0.7071069,
          0,
          -0.018924266,
          0.45936257,
          0.42912194,
          1
        ]
      },
      {
        "date" : 731125356.102778,
        "title" : "Untitled",
        "transform" : [
          1,
          0,
          0,
          0,
          0,
          0.7071069,
          -0.70710677,
          0,
          0,
          0.70710677,
          0.7071069,
          0,
          -0.018924266,
          0.45936257,
          0.42912194,
          1
        ]
      },
      {
        "date" : 731125352.016146,
        "title" : "Untitled",
        "transform" : [
          1,
          0,
          0,
          0,
          0,
          0.7071069,
          -0.70710677,
          0,
          0,
          0.70710677,
          0.7071069,
          0,
          0,
          0.4442423,
          0.44424233,
          1
        ]
      },
      {
        "date" : 731125340.486943,
        "title" : "Untitled",
        "transform" : [
          0,
          0,
          0,
          0,
          0,
          0,
          0,
          0,
          0,
          0,
          0,
          0,
          0,
          0,
          0,
          0
        ]
      },
      {
        "date" : 731125330.581867,
        "title" : "Untitled",
        "transform" : [
          0,
          0,
          0,
          0,
          0,
          0,
          0,
          0,
          0,
          0,
          0,
          0,
          0,
          0,
          0,
          0
        ]
      }
    ],
    "852CA42A-56ED-4FC7-832E-2BE9A061923B" : [
      {
        "date" : 731018584.323413,
        "title" : "Untitled",
        "transform" : [
          0.99999994,
          0,
          0,
          0,
          0,
          0.8660254,
          -0.49999988,
          0,
          0,
          0.49999988,
          0.8660254,
          0,
          0,
          0.40099952,
          0.6945518,
          1
        ]
      },
      {
        "date" : 731018411.836441,
        "title" : "Untitled",
        "transform" : [
          0.99999994,
          0,
          0,
          0,
          0,
          0.8660254,
          -0.49999988,
          0,
          0,
          0.49999988,
          0.8660254,
          0,
          0,
          4.1526003,
          7.192518,
          1
        ]
      },
      {
        "date" : 731018146.35155,
        "title" : "Untitled",
        "transform" : [
          0.99999994,
          0,
          0,
          0,
          0,
          0.8660254,
          -0.49999988,
          0,
          0,
          0.49999988,
          0.8660254,
          0,
          0,
          0.30477116,
          0.5278794,
          1
        ]
      },
      {
        "date" : 731018137.811927,
        "title" : "Untitled",
        "transform" : [
          0.99999994,
          0,
          0,
          0,
          0,
          0.8660254,
          -0.49999988,
          0,
          0,
          0.49999988,
          0.8660254,
          0,
          0,
          4.5586853,
          7.895877,
          1
        ]
      },
      {
        "date" : 731018129.54888,
        "title" : "Untitled",
        "transform" : [
          0.99999994,
          0,
          -0,
          0,
          -0,
          0.8660254,
          -0.49999988,
          0,
          0,
          0.49999988,
          0.8660254,
          0,
          0,
          0.20601155,
          0.3568225,
          1
        ]
      }
    ]
  },
  "selectedSceneRelativePath" : "Metronome.usda"
}